QuickStop=5214.69 4.998 9266.01=40
North Haven=1205.19 19.9831 15320.1=40
Portland=5964.13 5.88 15084.2=40
Bayville=10400.3 5.16965 12025.2=40
Eastbrook=10421 21.1124 7640.57=40
Oceanville=10456.9 36.166 4839.94=40
Milo=6509.12 44.53 3789.95=40
Stonington=6601.48 37.5245 2340.5=40
Greenville=4659.25 6.01736 1409.34=40
Georgestown=4788.25 20.1871 4405.44=40
Westbrook=3471.38 22.9015 6689.15=40
Oldtown=1819.58 5.3225 9427.51=40
Sandy Bay=5640.05 2.60693 7759.89=40
Swanville=5267.14 2.52 12152.8=40