QuickStop=5169.19 27.5037 7778.15=40
Bad Endorf=2415.36 2.0724 8827.93=40
Eggstatt=5086.31 3.64669 8719.99=40
Gottenhausen=9704.05 4.91662 8893.01=40
Pren=4437.43 9.56349 1590.73=40
Burgensdorf=1614.52 7.7541 3582.24=40
Rimsting=3191.96 6.17626 5495.94=40
Oberteten=6364.71 2.95933 5781.1=40